0.000000000000000000e+00 0.000000000000000000e+00 2.849891097866930068e-05
0.000000000000000000e+00 0.000000000000000000e+00 1.066296827048063278e-04
0.000000000000000000e+00 0.000000000000000000e+00 2.926556817328673787e-06
1.000000000000000000e+00 1.435759425163269043e+00 1.000000000000000000e+00
0.000000000000000000e+00 0.000000000000000000e+00 6.565872354258317500e-06
0.000000000000000000e+00 0.000000000000000000e+00 1.943561619555111974e-05
0.000000000000000000e+00 0.000000000000000000e+00 1.168333110399544239e-04
1.000000000000000000e+00 3.975438594818115234e+00 1.000000000000000000e+00
1.000000000000000000e+00 8.384499549865722656e+00 1.000000000000000000e+00
1.000000000000000000e+00 3.816394090652465820e+00 1.000000000000000000e+00
1.000000000000000000e+00 6.841616153717041016e+00 1.000000000000000000e+00
0.000000000000000000e+00 0.000000000000000000e+00 5.999917448207270354e-06
0.000000000000000000e+00 0.000000000000000000e+00 5.505175522557692602e-06
0.000000000000000000e+00 0.000000000000000000e+00 1.495400938438251615e-04
1.000000000000000000e+00 9.444059133529663086e-01 9.916208982467651367e-01
1.000000000000000000e+00 7.480856418609619141e+00 1.000000000000000000e+00
0.000000000000000000e+00 0.000000000000000000e+00 2.404778797426843084e-06
1.000000000000000000e+00 2.322232484817504883e+00 9.999686479568481445e-01
1.000000000000000000e+00 3.312442064285278320e+00 1.000000000000000000e+00
1.000000000000000000e+00 5.801727294921875000e+00 1.000000000000000000e+00
1.000000000000000000e+00 6.134236812591552734e+00 1.000000000000000000e+00
0.000000000000000000e+00 0.000000000000000000e+00 2.476096233294811100e-05
0.000000000000000000e+00 0.000000000000000000e+00 3.748421477212104946e-06
1.000000000000000000e+00 1.137768387794494629e+00 1.000000000000000000e+00
1.000000000000000000e+00 1.046665668487548828e+00 1.000000000000000000e+00
1.000000000000000000e+00 4.595018386840820312e+00 1.000000000000000000e+00
1.000000000000000000e+00 8.197411537170410156e+00 1.000000000000000000e+00
0.000000000000000000e+00 0.000000000000000000e+00 2.660806103449431248e-06
0.000000000000000000e+00 0.000000000000000000e+00 5.443321242637466639e-06
1.000000000000000000e+00 2.944440364837646484e+00 9.999999403953552246e-01
0.000000000000000000e+00 0.000000000000000000e+00 2.395942283328622580e-05
1.000000000000000000e+00 2.338977336883544922e+00 9.998060464859008789e-01
0.000000000000000000e+00 0.000000000000000000e+00 7.503938832087442279e-05
1.000000000000000000e+00 7.381408691406250000e+00 1.000000000000000000e+00
1.000000000000000000e+00 6.502746105194091797e+00 1.000000000000000000e+00
0.000000000000000000e+00 0.000000000000000000e+00 2.868581532311509363e-06
0.000000000000000000e+00 0.000000000000000000e+00 1.129432257584994659e-05
1.000000000000000000e+00 2.997777223587036133e+00 1.000000000000000000e+00
1.000000000000000000e+00 5.595985412597656250e+00 1.000000000000000000e+00
0.000000000000000000e+00 0.000000000000000000e+00 4.003653884865343571e-05
0.000000000000000000e+00 0.000000000000000000e+00 2.642858362378319725e-06
1.000000000000000000e+00 2.703361749649047852e+00 1.000000000000000000e+00
0.000000000000000000e+00 0.000000000000000000e+00 5.929942744842264801e-06
0.000000000000000000e+00 0.000000000000000000e+00 2.861409257093328051e-06
1.000000000000000000e+00 1.279874920845031738e+00 1.000000000000000000e+00
0.000000000000000000e+00 0.000000000000000000e+00 7.797581201884895563e-05
1.000000000000000000e+00 1.573421716690063477e+00 1.000000000000000000e+00
1.000000000000000000e+00 2.268393278121948242e+00 9.995096921920776367e-01
1.000000000000000000e+00 9.353771209716796875e-01 9.999916553497314453e-01
1.000000000000000000e+00 1.191781640052795410e+00 1.000000000000000000e+00
0.000000000000000000e+00 0.000000000000000000e+00 2.899310857173986733e-06
0.000000000000000000e+00 0.000000000000000000e+00 1.798782250261865556e-05
1.000000000000000000e+00 4.989570140838623047e+00 1.000000000000000000e+00
0.000000000000000000e+00 0.000000000000000000e+00 3.263302232880960219e-06
1.000000000000000000e+00 2.549269437789916992e+00 9.999590516090393066e-01
0.000000000000000000e+00 0.000000000000000000e+00 3.055524939554743469e-05
1.000000000000000000e+00 3.104783535003662109e+00 1.000000000000000000e+00
0.000000000000000000e+00 0.000000000000000000e+00 3.225306281819939613e-04
0.000000000000000000e+00 0.000000000000000000e+00 8.126135071506723762e-06
1.000000000000000000e+00 3.580002546310424805e+00 1.000000000000000000e+00
1.000000000000000000e+00 1.087371110916137695e+00 9.999999403953552246e-01
0.000000000000000000e+00 0.000000000000000000e+00 3.107816519332118332e-05
1.000000000000000000e+00 1.260379314422607422e+00 1.000000000000000000e+00
1.000000000000000000e+00 7.641359806060791016e+00 1.000000000000000000e+00
1.000000000000000000e+00 2.795936584472656250e+00 9.999851584434509277e-01
1.000000000000000000e+00 1.500142335891723633e+00 1.000000000000000000e+00
1.000000000000000000e+00 6.353178977966308594e+00 1.000000000000000000e+00
0.000000000000000000e+00 0.000000000000000000e+00 3.842974365397822112e-06
1.000000000000000000e+00 3.454398393630981445e+00 1.000000000000000000e+00
0.000000000000000000e+00 0.000000000000000000e+00 5.489387331181205809e-05
1.000000000000000000e+00 6.443536758422851562e+00 1.000000000000000000e+00
0.000000000000000000e+00 0.000000000000000000e+00 2.433573399684973992e-06
0.000000000000000000e+00 0.000000000000000000e+00 6.664430657110642642e-06
1.000000000000000000e+00 1.345386862754821777e+00 1.000000000000000000e+00
1.000000000000000000e+00 2.860933542251586914e+00 1.000000000000000000e+00
0.000000000000000000e+00 0.000000000000000000e+00 4.162097411608556286e-06
0.000000000000000000e+00 0.000000000000000000e+00 4.779098962899297476e-04
0.000000000000000000e+00 0.000000000000000000e+00 1.968576543731614947e-05
0.000000000000000000e+00 0.000000000000000000e+00 3.207404006388969719e-06
0.000000000000000000e+00 0.000000000000000000e+00 3.919240498362341896e-06
1.000000000000000000e+00 3.686508417129516602e+00 1.000000000000000000e+00
1.000000000000000000e+00 8.347784996032714844e+00 1.000000000000000000e+00
1.000000000000000000e+00 7.031608581542968750e+00 1.000000000000000000e+00
0.000000000000000000e+00 0.000000000000000000e+00 1.379456807626411319e-04
1.000000000000000000e+00 1.043052792549133301e+00 1.000000000000000000e+00
0.000000000000000000e+00 0.000000000000000000e+00 2.727872242758166976e-06
1.000000000000000000e+00 1.050781607627868652e+00 9.999997615814208984e-01
1.000000000000000000e+00 1.185364365577697754e+00 1.000000000000000000e+00
1.000000000000000000e+00 6.422443866729736328e+00 1.000000000000000000e+00
1.000000000000000000e+00 8.261578559875488281e+00 1.000000000000000000e+00
0.000000000000000000e+00 0.000000000000000000e+00 5.021229299018159509e-05
0.000000000000000000e+00 0.000000000000000000e+00 2.778088310151360929e-05
0.000000000000000000e+00 0.000000000000000000e+00 3.068838850595057011e-06
1.000000000000000000e+00 1.130412220954895020e+00 1.000000000000000000e+00
1.000000000000000000e+00 3.511508703231811523e+00 1.000000000000000000e+00
0.000000000000000000e+00 0.000000000000000000e+00 1.383887592965038493e-05
1.000000000000000000e+00 1.260623216629028320e+00 1.000000000000000000e+00
1.000000000000000000e+00 1.559572935104370117e+00 1.000000000000000000e+00
1.000000000000000000e+00 1.501814246177673340e+00 1.000000000000000000e+00
0.000000000000000000e+00 0.000000000000000000e+00 3.560915502021089196e-06
